26
100
102
103
3
98
5
7
99
6
2
1
26
100
101
3
96
5
7
97
6
2
1
26
100
102
104
105
3
72
73
74
75
76
77
78
79
80
81
82
83
84
85
86
87
88
89
90
91
5
7
92
94
95
6
2
1
26
100
101
3
96
5
7
97
6
2
5
7
97
1
1
26
100
102
103
3
98
5
7
99
6
2
5
7
99
1
1
26
100
102
104
105
3
72
73
74
75
76
77
78
79
80
81
82
83
84
85
86
87
88
89
90
91
5
7
92
94
95
6
2
5
7
92
93
1
1
26
100
102
103
3
98
7
99
26
100
102
104
105
3
72
73
74
75
76
77
78
79
80
81
82
83
84
85
86
87
88
89
90
91
7
92
94
95
26
100
101
3
96
7
97
26
100
102
104
106
